4294967279,307
4294967279,566
4294967279,351
4294967278,166
4294967279,165
4294967278,303
4294967279,304
4294967279,313
4294967279,536
4294967278,157
4294967279,81
4294967279,78
4294967279,294
4294967278,296
4294967279,293
4294967278,295
4294967279,292
4294967278,414
4294967279,290
4294967279,289
4294967278,148
4294967279,147
4294967279,338
4294967278,300
4294967279,301
4294967279,334
4294967279,300
4294967279,350
4294967279,326
4294967279,139
4294967279,349
4294967279,137
4294967279,310
4294967279,133
4294967279,271
4294967279,269
4294967278,413
4294967279,321
4294967278,412
4294967279,328
4294967278,283
4294967279,335
4294967279,263
4294967278,411
4294967279,68
4294967279,255
4294967278,261
4294967278,383
4294967279,267
4294967279,532
4294967279,531
4294967278,340
4294967279,66
4294967279,348
4294967278,337
4294967279,572
4294967278,363
4294967279,347
4294967278,252
4294967279,571
4294967278,251
4294967278,249
4294967278,247
4294967278,245
4294967279,63
4294967279,61
4294967279,59
4294967278,243
4294967279,242
4294967278,399
4294967278,239
4294967279,346
4294967278,237
4294967278,236
4294967279,545
4294967278,234
4294967279,228
4294967279,58
4294967279,56
4294967279,226
4294967279,224
4294967278,221
4294967279,55
4294967279,216
4294967279,565
4294967279,564
4294967279,211
4294967279,524
4294967278,329
4294967279,521
4294967279,49
4294967279,48
4294967279,520
4294967279,202
4294967278,325
4294967278,260
4294967279,46
4294967279,37
4294967279,34
4294967279,33
4294967279,260
4294967279,285
4294967279,26
4294967279,25
4294967279,19
4294967279,17
4294967279,332
4294967279,12
4294967279,10
4294967279,281
4294967294,436
4294967278,410
4294967279,557
4294967279,192
4294967278,396
4294967279,542
167,5
167,4
167,3
167,2
167,1
4294967279,184
4294967278,370
4294967279,512
4294967278,317
4294967279,318
4294967294,89
4294967279,175
4294967279,173
165,5
165,4
165,3
165,2
165,1
4294967278,171
4294967278,409
4294967278,167
4294967279,167
4294967278,164
4294967279,166
4294967278,352
163,6
4294967278,390
4294967279,314
4294967279,325
163,5
163,4
163,3
163,2
163,1
4294967278,408
4294967278,158
4294967294,386
4294967294,393
4294967294,114
162,5
162,4
162,3
162,2
162,1
4294967279,336
4294967294,408
4294967294,396
4294967294,397
4294967294,400
4294967294,1416
4294967294,177
4294967294,385
4294967294,420
4294967294,415
4294967294,443
4294967294,183
4294967294,167
4294967294,467
4294967294,457
4294967278,293
4294967279,324
4294967279,142
161,5
4294967278,144
161,4
161,3
161,2
161,1
4294967278,143
4294967278,291
4294967279,287
4294967279,138
4294967278,140
4294967278,139
160,5
4294967279,272
4294967278,277
160,4
4294967278,136
160,3
160,2
160,1
4294967278,135
4294967278,276
4294967278,288
4294967278,287
4294967279,279
4294967279,345
4294967279,538
4294967279,0
4294967279,282
4294967294,17
4294967294,99
4294967294,76
158,4
158,3
158,2
158,1
4294967278,282
0,7
4294967294,470
4294967294,468
4294967294,82
4294967294,469
4294967294,1000
4294967294,185
4294967294,999
4294967294,29
4294967294,1175
4294967294,1
4294967294,0
4294967294,5
4294967278,407
4294967278,0
4294967294,392
4294967294,389
4294967294,388
4294967294,120
4294967294,2
4294967278,309
4294967294,1418
4294967294,1419
4294967294,1417
4294967294,40
4294967294,41
4294967294,38
4294967294,37
4294967294,36
4294967294,39
4294967294,42
4294967278,400
4294967279,295
4294967278,308
4294967279,333
4294967278,391
4294967278,392
4294967279,320
4294967294,107
4294967294,179
4294967294,995
4294967294,170
4294967294,419
4294967294,46
4294967294,91
4294967294,90
4294967294,87
4294967294,86
4294967294,85
4294967294,84
4294967294,1017
4294967294,1174
4294967294,1173
4294967294,418
4294967294,28
4294967294,1016
4294967294,27
4294967294,53
4294967294,45
4294967294,426
4294967294,44
4294967294,96
4294967294,94
4294967278,397
4294967294,9
4294967278,278
4294967294,8
4294967278,384
4294967294,22
4294967279,253
4294967279,534
4294967278,344
4294967279,273
4294967294,92
4294967279,574
4294967294,88
4294967278,256
4294967279,575
4294967278,382
4294967279,252
4294967279,530
4294967278,255
4294967279,546
4294967278,338
4294967279,330
4294967279,327
4294967279,528
4294967279,249
4294967294,471
4294967279,570
4294967279,569
4294967279,246
4294967294,7
4294967279,244
4294967294,50
4294967294,81
4294967278,132
4294967278,131
4294967278,130
4294967278,129
4294967278,128
4294967278,127
4294967278,126
4294967278,125
4294967278,124
4294967278,123
4294967278,122
4294967278,121
4294967278,120
4294967278,119
4294967278,118
4294967278,117
4294967278,116
4294967278,115
4294967278,114
4294967278,113
4294967278,112
4294967278,111
4294967278,110
4294967278,109
4294967278,108
4294967278,107
4294967278,106
4294967278,105
4294967278,104
4294967278,103
4294967278,102
4294967278,101
4294967278,100
4294967278,99
4294967278,98
4294967278,97
4294967278,96
4294967278,95
4294967278,94
4294967278,93
4294967278,92
4294967278,91
4294967278,90
4294967278,89
4294967278,87
4294967278,86
4294967278,85
4294967278,84
4294967278,83
4294967278,82
4294967278,81
4294967278,80
4294967278,79
4294967278,78
4294967278,77
4294967278,76
4294967278,75
4294967278,74
4294967278,73
4294967278,72
4294967278,71
4294967278,70
4294967278,69
